00111111111111111111111111111111111111111111
01111111111111111111111111111111111111111110
11111111111111111111111111111111111111111101
11111111111111111111111111111111111111111011
11111111111111111111111111111111111111110110
11111111111111111111111111111111111111101100
11111111111111111111111111111111111111011000
11111111111111111111111111111111111110110000
11111111111111111111111111111111111101100000
11111111111111111111111111111111111011000000
11111111111111111111111111111111110110000000
11111111111111111111111111111111101100000000
11111111111111111111111111111111011000000000
11111111111111111111111111111110110000000000
11111111111111111111111111111101100000000000
11111111111111111111111111111011000000000000
11111111111111111111111111110110000000000000
11111111111111111111111111101100000000000000
11111111111111111111111111011000000000000000
11111111111111111111111110110000000000000000
11111111111111111111111101100000000000000000
11111111111111111111111011000000000000000000
11111111111111111111110110000000000000000000
11111111111111111111101100000000000000000000
11111111111111111111011000000000000000000000
11111111111111111110110000000000000000000000
11111111111111111101100000000000000000000000
11111111111111111011000000000000000000000000
