01000000000000000000000001110
01111000000000000000000011110
00111110000000000000000111110
00111111000000000000001111110
00011111110000000000001111110
00000111111110000000011111110
00000011111111100000111111100
00000000111111110000111111100
00000000011111111100111111100
00000000000001111110111110000
00000000000000001111111100000
00000000001111111111111000000
00000000111111111111111110000
00000001111001111111111111000
00000011111111111111111110000
00000111111111111011111111100
00000011111111111111111110000
00000001111111111111111100000
00000000000111111111100000000
00000000001111111111111000000
00000000111111111111111100000
00000001111101111111101111100
00000011111011111111110111110
00000111110111111111111011110
00000111101111111111111011110
00000111101111111111111101110
00000111101111111111111011100
00000011111111111111111100000
00000001111111111111111000000
00000000111111111111110000000
00000000011111111111100000000
00000000001111111111110000000
00000000011111111111100000000
00000000011111111111100000000
00000000011111001111100000000
00000000011110000111100000000
00000000111110000111110000000
00000111111110000111111110000
00000111111110000111111110000
