00111111111111111111111111111111111111111111
01100000000000000000000000000000000000000111
11000001111000000000000000000000000000000011
11000011111000000000000000000000000000000011
11000011001100000000000000000000000000000011
11000110001100000000000000000000000000000011
11000111111110000000000000000000000000000011
11001110001111000000000000000000000000000011
11001100000011000000000000000000000000000011
11000000000000000001110000000000000000000011
11000000000000000011111000000000000000000011
11000000000000001111111110000000000000000011
11000000000000011111111111000000000000000011
11000000000000111111111111100000000000000011
11000000000001111111111111110000000000000011
11000000000111111111111111111100000000000011
11000000000111111111111111111100000000000011
11000000000011111111111111111000000000000011
11000000000000000001111000000000000000000011
11000000000000000111111100000000000000000011
11000000000000000000000000000011000000110011
11000000000000000000000000000001100001110011
11000000000000000000000000000001111111100011
11000000000000000000000000000000110011100011
11000000000000000000000000000000111011000011
11000000000000000000000000000000001110000011
01100000000000000000000000000000000000000111
00111111111111111111111111111111111111111111