0000000000000000000000000000000000000000000000000000000000000000
0000000000000000000000000000000000000000000000000000000000000000
0000000000000000000000000000000000000000000000000000000000000000
0000000000000000000000000000000000000000000000000000000000000000
0000000000000000000000000000000000000000000000000000000000000000
0000000000000000000000000000000000000000000000000000000000000000
0000000000000000000000000000000000000000000000000000000000000000
0000000000000000000000000000000000000000000000000000000000000000
0000000000000000000000000000000000000000000000000000000000000000
0000000000000000000000000000000000000000000000000000000000000000
0000000000000000000000000000000000000000000000000000000000000000
0000000000000000000000000000000000000000000000000000000000000000
0000000000000000000000000000000000001111111111100000000000000000
0000000000000000000000000000000001111111111111111111100000000000
0000000000000000000000000000000111111111111111111111111100000000
0000000000000000000000000000011111111111111111111111111111000000
0000000000000000000000000000011111111111111111111111111111110000
0000000000000000000000000000111111111111111111111111111111111100
0000000000000000000000000000111111111111111111111111111111111100
0000000000000000000000000000111111111111111111111111111111111100
0000000000000000000000000000111111111111111111111111111111111110
0000000000000000000000000000111010111111111111111100000000001100
0000000000000000000000000000110000000000011111110000000000000000
0000000000000000000000000000100000000000001111100000000000000000
0000000000000000000000000000100110000000001111100000000000000000
0000000000000000000000000000111000000000001111100000000000000000
0000000000000000000000000000111000000111111111100001000000000000
0000000000000000000000000000110001111111111111100111110000000000
0000000000000000000000000001111001111111111111000011111000000000
0000000000000000000000000001111111111111111111000111111100000000
0000000000000000000000000001111111111111111111111111111110100100
0000000000000000000000000001111111111111111111101111111111111100
0000000000000000000000000001111111111111111111111111111111111100
0000000000000000000000000001111111111111111111111111111111111000
0000000000000000000000000001111111111111111111111111111111111000
0000000000000000000000000001111111111111000110000011111111100000
0000000000000000000000000001111111111111000000000001111111000000
0000000000000000000000000000111111111111111101100001111110000000
0000000000000000000000000000111111111111111111100111111100000000
0000000000000000000000000000111111111111111111101111111100000000
0000000000000000000000000000011111111111111111000111111100000000
0000000000000000000000000000011111111111101111000001111110000000
0000000000000000000000000000011111111111111111100000001110000000
0000000000000000000000000000001111111001111100000000000100000000
0000000000000000000000000000001111100111000000000000000000000000
0000000000000000000000000000001111101100011110100000000000000000
0000000000000000000000000000000111101111111111110000000000000000
0000000000000000000000000000000111001111111111100000000000000000
0000000000000000000000000000000011011111100000000000000000000000
0000000000000000000000000000000011111111100000000000000000000000
0000000000000000000000000000000011111111111111100000000000000000
0000000000000000000000000000000011111111111111111110000000000000
0000000000000000000000000000000011011111111111111110000000000000
0000000000000000000000000000000001001111111111111110000000000000
0000000000000000000000000000000000000111111111111100000000000000
0000000000000000000000000000000000000011111111100000000000000000
0000000000000000000000000000000000000000001110000000000000000000
0000000000000000000000000000000000000000000000000000000000000000
0000000000000000000000000000000000000000000000000000000000000000
0000000000000000000000000000000000000000000000000000000000000000
0000000000000000000000000000000000000000000000000000000000000000
0000000000000000000000000000000000000000000000000000000000000000
0000000000000000000000000000000000000000000000000000000000000000
0000000000000000000000000000000000000000000000000000000000000000